0.0 0.0 0.122459 0.122459 0.122459 0.206312 0.328772 0.460757 0.432373 0.520517 0.56818 0.589275 0.449484 0.344535 0.347553 0.348676 0.274287 0.223225 0.18694 0.160187 
0.139801 0.139801 0.139801 0.139801 0.277623 0.277623 0.277749 0.225594 0.225629 0.225642 0.188663 0.161463 0.140778 0.124595 0.111628 0.101029 0.0922162 0.0922179 0.0847829 0.0847834 
0.0784321 0.176205 0.176205 0.176205 0.176205 0.152067 0.152067 0.152067 0.133479 0.118781 0.1069 0.0971146 0.088926 0.0819799 0.0760178 0.0760178 0.0760178 0.0708475 0.0663232 0.0623324 
0.0587871 0.0587871 0.137996 0.274875 0.439078 0.335373 0.265153 0.265153 0.265153 0.216784 0.216784 0.216784 0.182233 0.182233 0.182233 0.182233 0.182233 0.156629 0.156629 0.156629 
0.156629 0.301502 0.301502 0.464645 0.597173 0.449306 0.449306 0.449306 0.449306 0.342363 0.342363 0.269897 0.220107 0.220107 0.184651 0.158451 0.158451 0.158451 0.138447 0.122744 
0.122744 0.122744 0.251723 0.251723 0.415527 0.415527 0.319365 0.319365 0.319365 0.254253 0.209108 0.17662 0.17662 0.152382 0.133725 0.133725 0.118978 0.118978 0.118978 0.118978 
0.245803 0.409284 0.555715 0.555715 0.555715 0.417772 0.320887 0.320887 0.255292 0.255292 0.419244 0.419244 0.563377 0.563377 0.666301 0.5063 0.381993 0.296694 0.238706 0.238706 
0.238706 0.401675 0.401675 0.401675 0.401675 0.401675 0.30999 0.247842 0.204566 0.204566 0.204566 0.204566 0.362954 0.362954 0.518612 0.518612 0.390757 0.390757 0.302613 0.302613 
0.465679 0.597924 0.689739 0.751972 0.751972 0.588359 0.588359 0.588359 0.588359 0.588359 0.588359 0.683267 0.683267 0.747545 0.747545 0.747545 0.747545 0.583708 0.438884 0.438884 
0.438884 0.578208 0.676386 0.742849 0.788845 0.788845 0.629281 0.474984 0.360054 0.360054 0.360054 0.516198 0.633815 0.713982 0.550037 0.550037 0.413572 0.413572 0.413572 0.413572 
0.559026 0.663333 0.663333 0.663333 0.663333 0.733968 0.733968 0.7826 0.817318 0.843032 0.862704 0.862704 0.862704 0.862704 0.72616 0.561947 0.561947 0.422412 0.565793 0.667947 
0.737104 0.737104 0.784801 0.818922 0.844243 0.863645 0.878921 0.878921 0.878921 0.878921 0.891227 0.891227 0.901331 0.901331 0.901331 0.901331 0.901331 0.787643 0.787643 0.787643 
0.787643 0.787643 0.820999 0.845813 0.864867 0.864867 0.879897 0.892021 0.892021 0.90199 0.91032 0.91032 0.803328 0.803328 0.803328 0.803328 0.803328 0.646547 0.646547 0.722591 
0.77465 0.77465 0.77465 0.811549 0.838696 0.859345 0.859345 0.859345 0.875503 0.888451 0.899036 0.899036 0.783728 0.623352 0.623352 0.623352 0.623352 0.623352 0.706915 0.706915 
0.706915 0.763783 0.803726 0.803726 0.803726 0.803726 0.803726 0.832859 0.832859 0.832859 0.854851 0.854851 0.714698 0.714698 0.714698 0.714698 0.714698 0.714698 0.769167 0.807593 
0.835738 0.835738 0.835738 0.857064 0.873697 0.873697 0.873697 0.88699 0.897832 0.90683 0.914409 0.810658 0.655575 0.497015 0.497015 0.375439 0.375439 0.52887 0.642616 0.642616 
0.719931 0.7728 0.7728 0.810212 0.810212 0.837695 0.837695 0.858572 0.858572 0.874891 0.887955 0.887955 0.765319 0.602704 0.602704 0.602704 0.69297 0.69297 0.69297 0.69297 
0.69297 0.754187 0.796876 0.827785 0.850969 0.850969 0.850969 0.868898 0.868898 0.868898 0.735431 0.735431 0.735431 0.571243 0.571243 0.571243 0.671655 0.739626 0.739626 0.786575 
0.820218 0.845222 0.845222 0.845222 0.845222 0.864407 0.864407 0.879529 0.879529 0.891722 0.771487 0.771487 0.609507 0.609507 0.459025 0.459025 0.459025 0.593079 0.686462 0.686462 
0.686462 0.749729 0.749729 0.793711 0.793711 0.793711 0.825451 0.825451 0.849192 0.849192 0.849192 0.706632 0.706632 0.543006 0.652364 0.652364 0.726529 0.726529 0.777396 0.777396 
0.777396 0.813537 0.813537 0.840187 0.840187 0.860498 0.876418 0.889192 0.889192 0.767335 0.767335 0.767335 0.767335 0.604916 0.694464 0.755213 0.755213 0.755213 0.797606 0.828323 
0.828323 0.85138 0.85138 0.85138 0.869221 0.883383 0.89487 0.89487 0.89487 0.776713 0.61536 0.463699 0.463699 0.463699 0.463699 0.596485 0.688766 0.751306 0.794829 0.826275 
0.826275 0.849819 0.849819 0.867997 0.882401 0.894066 0.903689 0.911751 0.911751 0.80588 0.80588 0.649667 0.491978 0.616787 0.616787 0.616787 0.702482 0.702482 0.702482 0.702482 
0.702482 0.702482 0.760726 0.760726 0.801538 0.831234 0.853606 0.853606 0.853606 0.853606 0.853606 0.853606 0.853606 0.853606 0.87097 0.87097 0.88479 0.896023 0.905319 0.905319 
0.913129 0.919778 0.925501 0.925501 0.930478 0.930478 0.930478 0.840717 0.694842 0.694842 0.694842 0.53196 0.644753 0.644753 0.721377 0.773805 0.810938 0.838239 0.838239 0.858992 
0.858992 0.875223 0.888224 0.898849 0.907682 0.915132 0.921495 0.921495 0.82366 0.672097 0.672097 0.511395 0.511395 0.511395 0.63046 0.711716 0.767101 0.806108 0.806108 0.806108 
0.83463 0.83463 0.856212 0.873024 0.886446 0.897384 0.897384 0.780933 0.620148 0.467553 0.467553 0.467553 0.599283 0.690657 0.690657 0.690657 0.690657 0.752602 0.752602 0.752602 
0.752602 0.795749 0.795749 0.795749 0.826953 0.850335 0.708249 0.544544 0.409533 0.315306 0.315306 0.315306 0.315306 0.315306 0.315306 0.477332 0.606335 0.606335 0.695423 0.695423 
0.755871 0.755871 0.755871 0.798075 0.82867 0.82867 0.678647 0.517221 0.389763 0.389763 0.389763 0.389763 0.540394 0.540394 0.540394 0.540394 0.650567 0.725312 0.776547 0.776547 
0.776547 0.776547 0.812922 0.839725 0.860141 0.860141 0.722384 0.722384 0.558219 0.558219 0.558219 0.558219 0.558219 0.662782 0.733594 0.733594 0.782338 0.782338 0.782338 0.817127 
0.842888 0.842888 0.862592 0.878083 0.749569 0.585828 0.440512 0.336352 0.336352 0.496013 0.496013 0.496013 0.496013 0.496013 0.496013 0.496013 0.496013 0.496013 0.619645 0.619645 
0.619645 0.619645 0.704412 0.704412 0.704412 0.540904 0.40687 0.313504 0.313504 0.313504 0.475696 0.60516 0.694629 0.694629 0.694629 0.694629 0.755326 0.755326 0.755326 0.797686 
0.828383 0.851426 0.869256 0.869256 0.869256 0.869256 0.869256 0.869256 0.869256 0.869256 0.869256 0.869256 0.883412 0.883412 0.894894 0.904378 0.912333 0.919096 0.919096 0.924912 
0.924912 0.924912 0.924912 0.924912 0.83007 0.83007 0.83007 0.83007 0.83007 0.83007 0.83007 0.83007 0.83007 0.83007 0.852714 0.852714 0.870269 0.884225 0.895561 0.904933 
0.904933 0.904933 0.904933 0.79386 0.635176 0.635176 0.635176 0.635176 0.635176 0.635176 0.714902 0.769308 0.807695 0.835814 0.835814 0.857122 0.873743 0.873743 0.873743 0.887027 
0.887027 0.887027 0.763813 0.601061 0.452352 0.452352 0.452352 0.588187 0.68315 0.68315 0.747465 0.747465 0.792107 0.792107 0.792107 0.824272 0.848295 0.848295 0.866805 0.866805 
0.866805 0.881446 0.881446 0.881446 0.881446 0.754868 0.754868 0.754868 0.754868 0.754868 0.754868 0.754868 0.797361 0.828142 0.828142 0.828142 0.828142 0.851242 0.851242 0.851242 
0.869112 0.869112 0.735755 0.571572 0.571572 0.571572 0.671879 0.739778 0.786682 0.820296 0.845281 0.864453 0.864453 0.864453 0.864453 0.879566 0.891752 0.901766 0.901766 0.901766 
