0.0 0.0 0.122459 0.122459 0.122459 0.122459 0.206312 0.206312 0.263367 0.385826 0.517812 0.495352 0.433752 0.493343 0.52116 0.399278 0.310771 0.315391 0.317119 0.317758 
0.479512 0.607793 0.607793 0.607793 0.607793 0.607793 0.607793 0.696287 0.533552 0.401589 0.309956 0.310002 0.310019 0.310025 0.310028 0.310029 0.247868 0.247868 0.247869 0.204585 
0.173293 0.323932 0.485082 0.485082 0.611881 0.699169 0.535982 0.535982 0.535982 0.535982 0.403283 0.403283 0.311077 0.311077 0.311077 0.311077 0.248587 0.248587 0.248587 0.205095 
0.205095 0.363583 0.519133 0.391131 0.391131 0.302865 0.242953 0.242953 0.242953 0.201088 0.170711 0.147882 0.147882 0.1302 0.1302 0.1302 0.1302 0.1302 0.1302 0.263202 
0.427369 0.569555 0.569555 0.569555 0.569555 0.569555 0.428122 0.428122 0.428122 0.428122 0.428122 0.327913 0.327913 0.327913 0.26008 0.213219 0.213219 0.179631 0.179631 0.332149 
0.492343 0.492343 0.372157 0.290052 0.234122 0.194771 0.166024 0.144291 0.127373 0.127373 0.127373 0.113874 0.113874 0.102879 0.0937642 0.0860946 0.0795574 0.0739231 0.0739231 0.0739231 
0.0739231 0.167722 0.167722 0.167722 0.145595 0.145595 0.128401 0.128401 0.114703 0.10356 0.10356 0.10356 0.0943332 0.0943332 0.0865765 0.0865765 0.0799705 0.0799705 0.0799705 0.0742808 
0.0742808 0.0742808 0.0742808 0.0742808 0.0742808 0.0742808 0.0693319 0.0649896 0.0649896 0.0611503 0.0611503 0.0577324 0.0546709 0.0546709 0.0519131 0.0519131 0.0494168 0.0471464 0.0471464 0.0471464 
0.113714 0.102747 0.102747 0.102747 0.0936542 0.0860014 0.0794775 0.178148 0.153541 0.153541 0.134629 0.134629 0.119701 0.119701 0.119701 0.107651 0.097738 0.0894513 0.0894513 0.0894513 
0.196265 0.167135 0.145144 0.145144 0.128046 0.259918 0.424015 0.325123 0.325123 0.25818 0.25818 0.25818 0.25818 0.25818 0.25818 0.21188 0.178652 0.178652 0.33089 0.491238 
0.491238 0.371383 0.371383 0.52556 0.52556 0.640323 0.718381 0.718381 0.718381 0.718381 0.718381 0.718381 0.554301 0.554301 0.416724 0.320176 0.254807 0.254807 0.418741 0.418741 
0.418741 0.562992 0.562992 0.562992 0.666039 0.666039 0.735806 0.735806 0.735806 0.735806 0.571623 0.571623 0.429683 0.429683 0.328974 0.328974 0.328974 0.260802 0.260802 0.424921 
0.5677 0.5677 0.5677 0.669245 0.737986 0.785421 0.785421 0.785421 0.785421 0.785421 0.625304 0.471735 0.357802 0.280351 0.227397 0.18993 0.162411 0.162411 0.162411 0.309425 
0.309425 0.309425 0.471971 0.602477 0.602477 0.602477 0.692816 0.530089 0.399011 0.308189 0.246608 0.203689 0.172633 0.149349 0.131351 0.117076 0.117076 0.105506 0.0959551 0.207682 
0.207682 0.366645 0.521666 0.521666 0.637621 0.716554 0.770454 0.60836 0.60836 0.60836 0.60836 0.458114 0.348407 0.348407 0.348407 0.348407 0.273993 0.438205 0.438205 0.577701 
0.577701 0.577701 0.577701 0.676042 0.676042 0.676042 0.676042 0.514896 0.388103 0.388103 0.30082 0.30082 0.30082 0.30082 0.241547 0.241547 0.200085 0.200085 0.200085 0.200085 
0.200085 0.200085 0.200085 0.357588 0.514137 0.632377 0.632377 0.477527 0.361819 0.283067 0.283067 0.229283 0.19129 0.163428 0.163428 0.163428 0.142294 0.142294 0.142294 0.142294 
0.142294 0.142294 0.142294 0.142294 0.142294 0.142294 0.142294 0.125795 0.125795 0.1126 0.1126 0.1126 0.10183 0.10183 0.0928868 0.0928868 0.0928868 0.0853507 0.188908 0.343885 
0.343885 0.343885 0.343885 0.343885 0.343885 0.343885 0.270929 0.270929 0.220829 0.220829 0.185175 0.185175 0.158845 0.138752 0.122987 0.122987 0.122987 0.122987 0.252102 0.415923 
0.415923 0.560833 0.664566 0.734806 0.783187 0.783187 0.62273 0.469643 0.469643 0.356355 0.279373 0.279373 0.226716 0.189438 0.162043 0.162043 0.162043 0.141226 0.279615 0.279615 
0.279615 0.279615 0.443743 0.581825 0.67884 0.744522 0.744522 0.580563 0.436475 0.333598 0.263947 0.215937 0.181616 0.181616 0.156164 0.136671 0.272914 0.437134 0.576901 0.576901 
0.576901 0.675499 0.742244 0.742244 0.742244 0.578208 0.434679 0.332374 0.263115 0.215353 0.215353 0.215353 0.18119 0.18119 0.18119 0.155842 0.155842 0.155842 0.155842 0.155842 
0.155842 0.300411 0.300411 0.300411 0.300411 0.241266 0.241266 0.199884 0.16982 0.147201 0.129665 0.115721 0.104396 0.104396 0.104396 0.104396 0.104396 0.222059 0.222059 0.222059 
0.222059 0.222059 0.222059 0.222059 0.383253 0.297545 0.239293 0.239293 0.239293 0.198475 0.198475 0.168776 0.168776 0.146402 0.146402 0.129036 0.115215 0.115215 0.239803 0.40286 
0.40286 0.550719 0.657654 0.657654 0.730115 0.730115 0.565887 0.565887 0.565887 0.425363 0.425363 0.326038 0.326038 0.258803 0.212319 0.178973 0.154166 0.29808 0.461442 0.461442 
0.461442 0.461442 0.461442 0.594842 0.594842 0.447489 0.341119 0.341119 0.341119 0.269053 0.219517 0.219517 0.184222 0.184222 0.184222 0.337999 0.337999 0.337999 0.497445 0.620656 
0.620656 0.705095 0.762527 0.762527 0.762527 0.599662 0.451254 0.343698 0.343698 0.343698 0.343698 0.270802 0.270802 0.270802 0.270802 0.270802 0.43503 0.43503 0.43503 0.43503 
0.43503 0.575325 0.674429 0.741515 0.577457 0.577457 0.577457 0.577457 0.434107 0.434107 0.331985 0.26285 0.215167 0.181054 0.155739 0.300269 0.463494 0.596336 0.596336 0.596336 
0.688665 0.751237 0.79478 0.826239 0.675455 0.675455 0.514373 0.514373 0.38773 0.300568 0.300568 0.300568 0.300568 0.300568 0.300568 0.300568 0.463773 0.596539 0.596539 0.596539 
0.596539 0.688802 0.688802 0.751331 0.751331 0.587682 0.587682 0.587682 0.587682 0.587682 0.587682 0.441941 0.337327 0.26648 0.26648 0.26648 0.43069 0.43069 0.43069 0.572063 
0.672213 0.740006 0.786842 0.786842 0.626949 0.626949 0.626949 0.473076 0.473076 0.473076 0.473076 0.358731 0.28098 0.28098 0.28098 0.227833 0.227833 0.389737 0.389737 0.540373 
0.540373 0.650553 0.725302 0.77654 0.77654 0.615165 0.463542 0.352143 0.276523 0.224732 0.224732 0.224732 0.188004 0.188004 0.188004 0.342756 0.342756 0.501552 0.623553 0.707051 
0.707051 0.763877 0.763877 0.60113 0.452406 0.452406 0.344487 0.271337 0.221114 0.221114 0.185382 0.159001 0.159001 0.138873 0.276167 0.276167 0.276167 0.276167 0.440355 0.579306 
0.677131 0.677131 0.677131 0.515866 0.388795 0.301287 0.241869 0.241869 0.200314 0.170139 0.170139 0.147445 0.147445 0.129856 0.129856 0.129856 0.129856 0.26268 0.26268 0.26268 
0.26268 0.426838 0.426838 0.426838 0.32704 0.259486 0.259486 0.2128 0.2128 0.179325 0.179325 0.179325 0.179325 0.154432 0.135324 0.27091 0.435138 0.575406 0.575406 0.575406 
0.575406 0.674484 0.674484 0.51351 0.51351 0.51351 0.51351 0.51351 0.387115 0.387115 0.387115 0.300152 0.300152 0.241088 0.241088 0.241088 0.404244 0.551799 0.658394 0.730616 
0.730616 0.780252 0.780252 0.619372 0.466926 0.466926 0.354477 0.278103 0.225832 0.1888 0.1888 0.161565 0.140857 0.124657 0.124657 0.124657 0.254699 0.418629 0.562906 0.562906 
0.562906 0.562906 0.562906 0.423129 0.324521 0.25777 0.25777 0.211591 0.17844 0.17844 0.153762 0.134802 0.134802 0.134802 0.270131 0.434359 0.574822 0.674088 0.674088 0.674088 
