0.0 0.0 0.0 0.122459 0.206312 0.206312 0.263367 0.263367 0.263367 0.303428 0.332637 0.363451 0.49508 0.488756 0.441261 0.373896 0.30902 0.30902 0.30902 0.30902 
0.463236 0.578053 0.578053 0.578053 0.578053 0.656149 0.656149 0.709516 0.747243 0.637495 0.656165 0.504527 0.508385 0.509823 0.510355 0.384978 0.298748 0.240137 0.199087 0.199087 
0.199087 0.199087 0.356398 0.356398 0.356398 0.356398 0.513128 0.513128 0.513174 0.513191 0.513198 0.386894 0.386895 0.300004 0.300005 0.300005 0.300005 0.240986 0.199685 0.199685 
0.357105 0.513733 0.513733 0.632094 0.71282 0.71282 0.767866 0.605499 0.605499 0.455849 0.34685 0.272938 0.272938 0.272938 0.272938 0.272938 0.272938 0.272938 0.272938 0.272938 
0.437158 0.576919 0.675511 0.742252 0.788425 0.821571 0.669397 0.669397 0.509015 0.383918 0.297994 0.297994 0.297994 0.297994 0.239602 0.239602 0.198696 0.16894 0.146527 0.146527 
0.129135 0.129135 0.129135 0.129135 0.129135 0.115295 0.115295 0.104046 0.104046 0.104046 0.104046 0.0947384 0.0947384 0.0947384 0.0947384 0.0869194 0.0802643 0.0745351 0.0745351 0.069554 
0.0651852 0.0651852 0.0651852 0.0651852 0.0613239 0.0613239 0.0578874 0.0578874 0.05481 0.0520389 0.0520389 0.0520389 0.0520389 0.0520389 0.0520389 0.0495308 0.0495308 0.0495308 0.0472504 0.0472504 
0.0472504 0.113937 0.237746 0.237746 0.197368 0.167955 0.167955 0.145773 0.145773 0.128541 0.260675 0.424791 0.424791 0.424791 0.567602 0.567602 0.567602 0.567602 0.567602 0.426651 
0.426651 0.426651 0.426651 0.569012 0.569012 0.569012 0.427712 0.327634 0.327634 0.488368 0.614222 0.70075 0.70075 0.70075 0.759533 0.800686 0.800686 0.800686 0.643343 0.643343 
0.643343 0.720423 0.773142 0.611351 0.611351 0.611351 0.460494 0.460494 0.460494 0.460494 0.460494 0.594151 0.687187 0.750225 0.794062 0.794062 0.794062 0.794062 0.794062 0.794062 
0.794062 0.82571 0.849389 0.849389 0.849389 0.849389 0.706911 0.54327 0.652545 0.726652 0.726652 0.726652 0.726652 0.726652 0.777481 0.813599 0.659253 0.500179 0.377667 0.377667 
0.377667 0.377667 0.377667 0.530679 0.530679 0.643868 0.643868 0.720778 0.773389 0.810637 0.810637 0.838013 0.858818 0.875085 0.888112 0.888112 0.888112 0.765575 0.765575 0.765575 
0.602984 0.693159 0.693159 0.693159 0.693159 0.754317 0.754317 0.796969 0.796969 0.827853 0.851021 0.851021 0.851021 0.868939 0.883157 0.757591 0.757591 0.757591 0.757591 0.757591 
0.757591 0.757591 0.7993 0.7993 0.829576 0.829576 0.852337 0.852337 0.869972 0.883987 0.895365 0.895365 0.90477 0.90477 0.912665 0.912665 0.912665 0.912665 0.807516 0.651681 
0.726066 0.726066 0.777073 0.813303 0.813303 0.840011 0.840011 0.840011 0.840011 0.840011 0.840011 0.840011 0.840011 0.840011 0.840011 0.693876 0.531066 0.399718 0.308667 0.246935 
0.246935 0.246935 0.410485 0.410485 0.410485 0.556644 0.556644 0.556644 0.556644 0.661707 0.732864 0.732864 0.781826 0.621169 0.621169 0.621169 0.468378 0.468378 0.355481 0.355481 
0.355481 0.355481 0.512369 0.512369 0.631141 0.631141 0.712176 0.76742 0.806337 0.834801 0.834801 0.856343 0.873127 0.873127 0.873127 0.873127 0.741882 0.577834 0.434394 0.434394 
0.434394 0.574849 0.674105 0.741294 0.787749 0.787749 0.787749 0.787749 0.787749 0.787749 0.787749 0.787749 0.628004 0.473938 0.473938 0.473938 0.359329 0.359329 0.515593 0.633393 
0.633393 0.713697 0.713697 0.713697 0.768473 0.807094 0.835366 0.856777 0.856777 0.873471 0.886807 0.763456 0.600672 0.452046 0.344241 0.344241 0.344241 0.502827 0.62445 0.62445 
0.62445 0.707657 0.764295 0.764295 0.764295 0.804094 0.833131 0.833131 0.85506 0.85506 0.85506 0.715 0.715 0.715 0.715 0.55102 0.414298 0.414298 0.414298 0.414298 
0.559584 0.559584 0.559584 0.559584 0.559584 0.559584 0.559584 0.559584 0.663714 0.663714 0.663714 0.504044 0.504044 0.380396 0.380396 0.295616 0.459122 0.459122 0.459122 0.459122 
0.459122 0.593149 0.686509 0.749762 0.749762 0.749762 0.749762 0.793734 0.793734 0.793734 0.635027 0.635027 0.635027 0.479716 0.36334 0.36334 0.36334 0.518932 0.635719 0.635719 
0.715269 0.715269 0.769563 0.769563 0.769563 0.807878 0.807878 0.835951 0.835951 0.835951 0.688358 0.688358 0.526 0.396061 0.396061 0.545383 0.653996 0.727635 0.727635 0.778168 
0.814097 0.840608 0.840608 0.860824 0.876676 0.889402 0.889402 0.889402 0.889402 0.889402 0.767678 0.605293 0.455685 0.346738 0.346738 0.346738 0.346738 0.504963 0.504963 0.625952 
0.708671 0.764996 0.804596 0.804596 0.804596 0.804596 0.804596 0.804596 0.804596 0.804596 0.648095 0.648095 0.648095 0.648095 0.723638 0.723638 0.77538 0.77538 0.812077 0.839092 
0.859651 0.875745 0.888647 0.899198 0.907975 0.915381 0.915381 0.915381 0.812418 0.657771 0.498902 0.498902 0.498902 0.498902 0.621685 0.705789 0.705789 0.763006 0.763006 0.80317 
0.832445 0.832445 0.832445 0.854534 0.8717 0.739694 0.739694 0.575587 0.432685 0.331017 0.262192 0.42634 0.568777 0.669978 0.669978 0.669978 0.669978 0.738485 0.738485 0.738485 
0.738485 0.785771 0.785771 0.819631 0.666905 0.666905 0.506828 0.382367 0.382367 0.382367 0.534475 0.64649 0.722552 0.774623 0.774623 0.774623 0.774623 0.81153 0.81153 0.838681 
0.859334 0.875494 0.875494 0.875494 0.875494 0.745535 0.745535 0.745535 0.581615 0.581615 0.678697 0.678697 0.744424 0.744424 0.789957 0.789957 0.789957 0.789957 0.822695 0.822695 
0.822695 0.847098 0.703687 0.703687 0.703687 0.703687 0.540221 0.540221 0.540221 0.540221 0.540221 0.650448 0.650448 0.650448 0.725232 0.776491 0.776491 0.812881 0.812881 0.812881 
0.812881 0.812881 0.658352 0.658352 0.499402 0.377119 0.293403 0.293403 0.457027 0.457027 0.457027 0.591618 0.591618 0.591618 0.591618 0.685473 0.685473 0.749053 0.749053 0.749053 
0.749053 0.585286 0.440096 0.440096 0.336067 0.336067 0.336067 0.336067 0.336067 0.495766 0.61947 0.61947 0.704294 0.704294 0.704294 0.704294 0.761974 0.761974 0.802431 0.802431 
0.802431 0.802431 0.645457 0.48842 0.36941 0.288197 0.232838 0.232838 0.232838 0.232838 0.193849 0.193849 0.165337 0.143763 0.143763 0.126956 0.126956 0.126956 0.126956 0.126956 
0.126956 0.126956 0.126956 0.126956 0.126956 0.126956 0.113538 0.102602 0.0935331 0.0858987 0.0793896 0.0737775 0.0688918 0.0646018 0.0646018 0.0646018 0.0608062 0.0574249 0.135221 0.135221 
0.270757 0.220709 0.220709 0.220709 0.185088 0.15878 0.138701 0.122947 0.122947 0.122947 0.122947 0.110292 0.0999251 0.0999251 0.0912902 0.0839944 0.0839944 0.0777537 0.0777537 0.174939 
0.174939 0.151105 0.132726 0.118179 0.118179 0.118179 0.118179 0.118179 0.106408 0.0967056 0.0967056 0.0967056 0.0967056 0.0885811 0.0816854 0.0757636 0.0757636 0.070626 0.161415 0.161415 
0.308071 0.246526 0.246526 0.203631 0.203631 0.17259 0.149316 0.149316 0.131326 0.131326 0.117055 0.105489 0.0959412 0.0959412 0.0959412 0.087936 0.0811341 0.0811341 0.18121 0.334171 
0.494112 0.494112 0.494112 0.373399 0.290891 0.290891 0.290891 0.234701 0.195187 0.195187 0.166333 0.166333 0.166333 0.166333 0.144529 0.144529 0.12756 0.259175 0.423252 0.566432 
