0.0 0.0 0.122459 0.122459 0.122459 0.206312 0.206312 0.206312 0.263367 0.263367 0.263367 0.385826 0.394871 0.378979 0.483692 0.5467 0.639005 0.701561 0.745094 0.776546 
0.800094 0.800094 0.800094 0.800094 0.818275 0.818275 0.818275 0.832682 0.832682 0.862568 0.751542 0.594959 0.449488 0.343092 0.270626 0.220726 0.185157 0.185157 0.339341 0.339341 
0.498524 0.621237 0.621237 0.621237 0.621237 0.705287 0.705287 0.705287 0.542163 0.407908 0.314246 0.250772 0.206653 0.17482 0.151018 0.151046 0.151057 0.132689 0.118149 0.244491 
0.407888 0.407888 0.554632 0.66033 0.731928 0.781169 0.816276 0.816279 0.81628 0.662636 0.662637 0.662637 0.503107 0.503107 0.503107 0.503107 0.503107 0.379734 0.379734 0.379734 
0.379734 0.532352 0.532352 0.645024 0.72156 0.773933 0.773933 0.773933 0.773933 0.612236 0.612236 0.461199 0.350529 0.350529 0.27543 0.223971 0.223971 0.223971 0.187453 0.160556 
0.160556 0.160556 0.3069 0.3069 0.469649 0.469649 0.356359 0.356359 0.356359 0.279375 0.226718 0.18944 0.18944 0.162044 0.141227 0.141227 0.12495 0.12495 0.12495 0.12495 
0.255153 0.4191 0.563267 0.563267 0.563267 0.423399 0.324705 0.324705 0.257895 0.257895 0.211679 0.211679 0.37133 0.37133 0.289494 0.233735 0.194493 0.165817 0.144132 0.144132 
0.144132 0.283835 0.283835 0.283835 0.283835 0.283835 0.229816 0.191674 0.163715 0.163715 0.163715 0.163715 0.311191 0.311191 0.473588 0.473588 0.359086 0.359086 0.281219 0.281219 
0.44531 0.582988 0.679628 0.74506 0.74506 0.58112 0.58112 0.58112 0.58112 0.58112 0.58112 0.678362 0.678362 0.744196 0.744196 0.744196 0.744196 0.580225 0.436217 0.436217 
0.436217 0.576215 0.675033 0.741927 0.577881 0.577881 0.434429 0.332205 0.263 0.263 0.263 0.427163 0.5694 0.670402 0.738773 0.738773 0.574645 0.574645 0.574645 0.574645 
0.673967 0.7412 0.7412 0.7412 0.7412 0.577133 0.577133 0.43386 0.331817 0.492052 0.616839 0.616839 0.616839 0.616839 0.702517 0.539119 0.539119 0.405567 0.312622 0.249644 
0.413345 0.413345 0.558851 0.663214 0.503609 0.380088 0.295408 0.295408 0.295408 0.295408 0.458925 0.458925 0.593006 0.593006 0.593006 0.593006 0.593006 0.446061 0.446061 0.446061 
0.446061 0.446061 0.583544 0.680005 0.518439 0.518439 0.390634 0.302529 0.302529 0.465601 0.597867 0.597867 0.6897 0.6897 0.6897 0.6897 0.6897 0.527228 0.527228 0.396945 
0.54608 0.54608 0.54608 0.654474 0.496073 0.374776 0.374776 0.374776 0.291821 0.455523 0.590516 0.590516 0.684727 0.748543 0.748543 0.748543 0.748543 0.748543 0.584752 0.584752 
0.584752 0.680824 0.745876 0.745876 0.745876 0.745876 0.745876 0.581969 0.581969 0.581969 0.678937 0.678937 0.744588 0.744588 0.744588 0.744588 0.744588 0.744588 0.580631 0.436528 
0.576447 0.576447 0.576447 0.433339 0.331462 0.331462 0.331462 0.262495 0.426649 0.56901 0.670137 0.738593 0.785848 0.819687 0.819687 0.666976 0.666976 0.506891 0.382411 0.382411 
0.534511 0.646514 0.646514 0.489311 0.489311 0.370033 0.370033 0.288618 0.288618 0.452463 0.588269 0.588269 0.683206 0.747503 0.747503 0.747503 0.583665 0.583665 0.583665 0.583665 
0.583665 0.680087 0.745373 0.581446 0.437151 0.437151 0.437151 0.334059 0.334059 0.334059 0.494014 0.494014 0.494014 0.61823 0.61823 0.61823 0.466006 0.353842 0.353842 0.510989 
0.630177 0.711524 0.711524 0.711524 0.711524 0.547673 0.547673 0.411832 0.411832 0.557684 0.662417 0.662417 0.733346 0.733346 0.569135 0.569135 0.569135 0.427805 0.327697 0.327697 
0.327697 0.488423 0.488423 0.369412 0.369412 0.369412 0.288198 0.288198 0.45206 0.45206 0.45206 0.587973 0.587973 0.683005 0.521141 0.521141 0.392569 0.392569 0.303836 0.303836 
0.303836 0.466816 0.466816 0.354401 0.354401 0.278051 0.225797 0.188774 0.188774 0.343718 0.343718 0.343718 0.343718 0.502378 0.379219 0.294821 0.294821 0.294821 0.237415 0.400275 
0.400275 0.548696 0.548696 0.548696 0.412584 0.317372 0.252892 0.252892 0.252892 0.416748 0.561466 0.664998 0.664998 0.664998 0.664998 0.505162 0.381187 0.29615 0.238331 0.401269 
0.401269 0.549475 0.549475 0.413158 0.31776 0.253157 0.208333 0.176051 0.176051 0.327528 0.327528 0.488274 0.614155 0.462734 0.462734 0.462734 0.351586 0.351586 0.351586 0.351586 
0.351586 0.351586 0.276146 0.276146 0.224469 0.187814 0.160827 0.160827 0.160827 0.160827 0.160827 0.160827 0.160827 0.160827 0.140286 0.140286 0.124204 0.111312 0.100768 0.100768 
0.215939 0.376266 0.292827 0.292827 0.236039 0.236039 0.236039 0.398778 0.547522 0.547522 0.547522 0.655463 0.728629 0.728629 0.564402 0.424249 0.325282 0.258288 0.258288 0.42234 
0.42234 0.565739 0.425251 0.325962 0.258752 0.212283 0.178947 0.178947 0.33127 0.491571 0.491571 0.616498 0.616498 0.616498 0.464612 0.352881 0.277022 0.22508 0.22508 0.22508 
0.386658 0.386658 0.299844 0.240876 0.199606 0.169614 0.169614 0.319085 0.480743 0.608781 0.608781 0.608781 0.697076 0.534031 0.534031 0.534031 0.534031 0.401866 0.401866 0.401866 
0.401866 0.549942 0.549942 0.549942 0.413503 0.317994 0.253317 0.41719 0.561805 0.665229 0.665229 0.665229 0.665229 0.665229 0.665229 0.505364 0.38133 0.38133 0.53364 0.53364 
0.645913 0.645913 0.645913 0.488804 0.369679 0.369679 0.288378 0.452233 0.5881 0.5881 0.5881 0.5881 0.683091 0.683091 0.683091 0.683091 0.521218 0.392624 0.542666 0.542666 
0.542666 0.542666 0.408158 0.314375 0.250844 0.250844 0.206695 0.206695 0.36548 0.36548 0.36548 0.36548 0.36548 0.285542 0.230999 0.230999 0.192526 0.192526 0.192526 0.348372 
0.506356 0.506356 0.382032 0.296721 0.238725 0.198069 0.168474 0.317572 0.317572 0.479381 0.479381 0.479381 0.479381 0.479381 0.479381 0.479381 0.479381 0.479381 0.607805 0.607805 
0.607805 0.607805 0.457674 0.457674 0.457674 0.348104 0.273788 0.438002 0.438002 0.438002 0.57755 0.434177 0.332033 0.332033 0.332033 0.332033 0.262883 0.262883 0.262883 0.427044 
0.56931 0.427937 0.327787 0.327787 0.327787 0.327787 0.327787 0.327787 0.327787 0.327787 0.327787 0.327787 0.259994 0.259994 0.213158 0.179587 0.15463 0.298727 0.298727 0.46205 
0.46205 0.46205 0.46205 0.46205 0.351115 0.351115 0.351115 0.351115 0.351115 0.351115 0.351115 0.351115 0.351115 0.351115 0.275827 0.275827 0.440019 0.579055 0.676961 0.74324 
0.74324 0.74324 0.74324 0.579236 0.435463 0.435463 0.435463 0.435463 0.435463 0.435463 0.332908 0.263478 0.215608 0.181376 0.181376 0.334382 0.494297 0.494297 0.494297 0.61843 
0.61843 0.61843 0.703592 0.540131 0.406305 0.406305 0.406305 0.313121 0.249986 0.249986 0.206087 0.206087 0.1744 0.1744 0.1744 0.325379 0.486368 0.486368 0.612799 0.612799 
0.612799 0.699789 0.699789 0.699789 0.699789 0.536561 0.536561 0.536561 0.536561 0.536561 0.536561 0.536561 0.403704 0.551378 0.551378 0.551378 0.551378 0.658105 0.658105 0.658105 
0.73042 0.73042 0.780115 0.81551 0.81551 0.81551 0.661662 0.502262 0.379137 0.294765 0.237377 0.197104 0.197104 0.197104 0.197104 0.353978 0.511104 0.630257 0.630257 0.630257 
