0.0 0.122459 0.122459 0.206312 0.263367 0.263367 0.263367 0.303428 0.303428 0.303428 0.332637 0.354681 0.371816 0.371816 0.385472 0.507931 0.639916 0.656544 0.734913 0.775053 
0.639475 0.713576 0.764401 0.800517 0.82715 0.847449 0.86336 0.876129 0.886581 0.895281 0.902628 0.902628 0.902628 0.908909 0.908909 0.917079 0.823335 0.824579 0.825039 0.825208 
0.674217 0.674217 0.674217 0.741357 0.741357 0.741357 0.787781 0.821088 0.821088 0.84587 0.864902 0.879916 0.879916 0.879916 0.752508 0.58894 0.442915 0.442918 0.442919 0.44292 
0.337995 0.497441 0.497441 0.497441 0.497441 0.497441 0.620654 0.705093 0.762526 0.762526 0.762526 0.802826 0.802826 0.832189 0.683312 0.683312 0.521418 0.392767 0.30397 0.30397 
0.46694 0.46694 0.46694 0.598838 0.690357 0.690357 0.752396 0.752396 0.752396 0.795603 0.795603 0.795603 0.826845 0.826845 0.676249 0.676249 0.51508 0.388234 0.388234 0.300908 
0.464091 0.59677 0.59677 0.59677 0.688959 0.688959 0.688959 0.751438 0.751438 0.794923 0.826344 0.849871 0.868038 0.734131 0.569927 0.428402 0.428402 0.328103 0.328103 0.488782 
0.614517 0.700949 0.75967 0.75967 0.800784 0.830675 0.830675 0.830675 0.853177 0.870633 0.870633 0.870633 0.870633 0.870633 0.738064 0.573921 0.431422 0.330157 0.330157 0.330157 
0.330157 0.490593 0.490593 0.490593 0.615804 0.615804 0.615804 0.615804 0.701818 0.760269 0.760269 0.801212 0.643978 0.643978 0.487176 0.487176 0.368541 0.287609 0.287609 0.451495 
0.587556 0.587556 0.682724 0.682724 0.682724 0.682724 0.682724 0.747173 0.791901 0.824121 0.84818 0.705207 0.705207 0.705207 0.705207 0.541656 0.407419 0.407419 0.554269 0.660084 
0.660084 0.660084 0.660084 0.660084 0.731763 0.731763 0.731763 0.781054 0.816193 0.816193 0.842185 0.842185 0.842185 0.842185 0.69686 0.69686 0.69686 0.756858 0.798777 0.829189 
0.829189 0.829189 0.829189 0.829189 0.852042 0.852042 0.86974 0.8838 0.8838 0.8838 0.8838 0.758619 0.595441 0.595441 0.447955 0.341438 0.341438 0.341438 0.500417 0.500417 
0.500417 0.622754 0.622754 0.622754 0.622754 0.706511 0.706511 0.763504 0.803527 0.803527 0.803527 0.64679 0.489543 0.489543 0.489543 0.370196 0.370196 0.524587 0.639649 0.639649 
0.639649 0.639649 0.639649 0.717925 0.717925 0.717925 0.771406 0.771406 0.809206 0.653771 0.495471 0.374353 0.291535 0.235147 0.235147 0.235147 0.235147 0.235147 0.235147 0.235147 
0.235147 0.397804 0.397804 0.546756 0.546756 0.654938 0.654938 0.654938 0.654938 0.654938 0.654938 0.654938 0.49647 0.49647 0.375055 0.375055 0.375055 0.528557 0.528557 0.528557 
0.6424 0.6424 0.719785 0.719785 0.772698 0.772698 0.772698 0.810139 0.810139 0.810139 0.654928 0.654928 0.496461 0.375049 0.375049 0.375049 0.528553 0.642397 0.719783 0.772697 
0.772697 0.772697 0.810138 0.837639 0.858529 0.874857 0.874857 0.744548 0.58059 0.58059 0.436496 0.436496 0.436496 0.436496 0.436496 0.576424 0.576424 0.576424 0.576424 0.675175 
0.675175 0.742023 0.742023 0.788263 0.821453 0.821453 0.821453 0.821453 0.669245 0.508881 0.508881 0.508881 0.383823 0.297929 0.297929 0.461301 0.594739 0.687585 0.687585 0.750498 
0.750498 0.794256 0.794256 0.794256 0.794256 0.825853 0.674951 0.674951 0.513924 0.513924 0.513924 0.38741 0.300352 0.463571 0.463571 0.463571 0.463571 0.463571 0.596392 0.596392 
0.688703 0.688703 0.751263 0.794799 0.794799 0.794799 0.794799 0.794799 0.794799 0.63629 0.63629 0.63629 0.63629 0.715655 0.76983 0.76983 0.76983 0.76983 0.76983 0.808071 
0.808071 0.836095 0.857338 0.873914 0.887165 0.897976 0.897976 0.897976 0.781932 0.781932 0.621291 0.621291 0.705523 0.762823 0.803038 0.803038 0.832347 0.854459 0.871641 0.885331 
0.885331 0.885331 0.896468 0.896468 0.896468 0.779389 0.779389 0.779389 0.61839 0.466135 0.466135 0.353931 0.511064 0.630229 0.71156 0.71156 0.766993 0.80603 0.80603 0.80603 
0.80603 0.834573 0.856167 0.856167 0.872989 0.872989 0.741669 0.741669 0.577615 0.577615 0.577615 0.675984 0.742574 0.742574 0.578548 0.434938 0.332551 0.332551 0.332551 0.332551 
0.332551 0.332551 0.492695 0.492695 0.492695 0.492695 0.372404 0.290219 0.290219 0.290219 0.234237 0.39681 0.545973 0.654401 0.654401 0.49601 0.374732 0.374732 0.374732 0.291791 
0.291791 0.455495 0.455495 0.455495 0.455495 0.455495 0.455495 0.346607 0.272774 0.222118 0.222118 0.222118 0.222118 0.383319 0.297589 0.239323 0.198497 0.168792 0.146414 0.146414 
0.146414 0.287119 0.287119 0.232092 0.193312 0.164937 0.143456 0.126714 0.113342 0.113342 0.113342 0.113342 0.113342 0.236784 0.236784 0.19668 0.167444 0.167444 0.167444 0.145381 
0.145381 0.145381 0.145381 0.145381 0.128232 0.128232 0.128232 0.114567 0.114567 0.114567 0.114567 0.238762 0.238762 0.198095 0.168494 0.168494 0.168494 0.146186 0.128867 0.128867 
0.128867 0.261172 0.261172 0.213987 0.213987 0.180193 0.180193 0.155089 0.155089 0.155089 0.299365 0.462647 0.59572 0.59572 0.59572 0.59572 0.59572 0.448173 0.341587 0.500546 
0.622844 0.706572 0.542949 0.542949 0.542949 0.408365 0.314515 0.250939 0.414705 0.559898 0.663928 0.663928 0.663928 0.663928 0.663928 0.663928 0.50423 0.50423 0.380528 0.380528 
0.380528 0.295705 0.238024 0.197568 0.168103 0.168103 0.145886 0.128631 0.128631 0.114888 0.103712 0.103712 0.0944601 0.0866839 0.0866839 0.0800625 0.0743605 0.0743605 0.0743605 0.0694014 
0.065051 0.065051 0.0612047 0.0612047 0.0612047 0.0612047 0.057781 0.057781 0.057781 0.0547145 0.0547145 0.0519526 0.0519526 0.0519526 0.0519526 0.0494525 0.047179 0.0451029 0.0451029 0.0451029 
0.0451029 0.0431998 0.0431998 0.041449 0.041449 0.0398331 0.0398331 0.0383373 0.0383373 0.0369486 0.0369486 0.0356561 0.0344502 0.0344502 0.0344502 0.0333225 0.0333225 0.0333225 0.0322656 0.0322656 
0.0312731 0.0303395 0.0303395 0.0303395 0.0294596 0.0286288 0.0278433 0.0278433 0.0278433 0.0270995 0.0263941 0.0263941 0.0257242 0.0257242 0.0250873 0.024481 0.024481 0.024481 0.024481 0.0239031 
0.0233517 0.0228251 0.0228251 0.0223215 0.0223215 0.0223215 0.0223215 0.0218394 0.0213777 0.0209351 0.0209351 0.0209351 0.0209351 0.0205103 0.0201022 0.01971 0.01971 0.0193329 0.0193329 0.0193329 
0.0189697 0.0189697 0.0189697 0.0189697 0.0189697 0.0189697 0.0189697 0.0186198 0.0186198 0.0186198 0.0182827 0.0179574 0.0179574 0.0176435 0.0176435 0.0173402 0.0170472 0.0167639 0.0164899 0.0162246 
0.0159675 0.0416039 0.0416039 0.0416039 0.0416039 0.101682 0.101682 0.101682 0.101682 0.21749 0.21749 0.378048 0.378048 0.29403 0.236869 0.196741 0.196741 0.196741 0.353536 0.353536 
0.353536 0.353536 0.510732 0.629996 0.629996 0.711402 0.766885 0.766885 0.766885 0.766885 0.805952 0.834514 0.834514 0.834514 0.686424 0.524238 0.394793 0.394793 0.394793 0.544382 
0.653309 0.653309 0.653309 0.653309 0.727169 0.777842 0.777842 0.777842 0.813861 0.84043 0.860686 0.876567 0.747203 0.583351 0.43861 0.43861 0.43861 0.335054 0.494883 0.494883 
0.494883 0.618845 0.703872 0.761684 0.761684 0.802223 0.831742 0.831742 0.831742 0.853995 0.853995 0.713468 0.549542 0.549542 0.549542 0.413207 0.317794 0.25318 0.25318 0.417048 
