0.0 0.0 0.122459 0.122459 0.122459 0.206312 0.206312 0.206312 0.263367 0.263367 0.263367 0.385826 0.394871 0.378979 0.483692 0.5467 0.431646 0.565156 0.658064 0.721018 
0.764802 0.764802 0.764802 0.764802 0.796416 0.796416 0.796416 0.820071 0.820071 0.83812 0.70442 0.544377 0.410378 0.316205 0.252229 0.207742 0.175653 0.175927 0.151864 0.151864 
0.29491 0.458447 0.458447 0.458447 0.458447 0.59262 0.59262 0.59262 0.445824 0.34 0.268302 0.218995 0.183844 0.157845 0.137977 0.137987 0.13799 0.122381 0.109832 0.0995453 
0.213858 0.213858 0.373862 0.527585 0.641727 0.719329 0.772381 0.772382 0.772382 0.610504 0.610504 0.610504 0.459819 0.459819 0.459819 0.459819 0.459819 0.349579 0.349579 0.349579 
0.349579 0.507382 0.507382 0.62765 0.709818 0.765788 0.765788 0.765788 0.765788 0.603218 0.603218 0.454049 0.345614 0.345614 0.272101 0.221648 0.221648 0.221648 0.185769 0.159292 
0.159292 0.159292 0.30517 0.30517 0.468051 0.468051 0.355255 0.355255 0.355255 0.278629 0.226198 0.189064 0.189064 0.161763 0.14101 0.14101 0.124778 0.124778 0.124778 0.124778 
0.111777 0.234245 0.396818 0.396818 0.396818 0.306707 0.245591 0.245591 0.202966 0.202966 0.172099 0.172099 0.322366 0.322366 0.483684 0.366103 0.285963 0.231291 0.192736 0.192736 
0.192736 0.348631 0.348631 0.348631 0.348631 0.348631 0.274145 0.223074 0.186804 0.186804 0.186804 0.186804 0.341253 0.341253 0.500257 0.500257 0.377722 0.377722 0.29381 0.29381 
0.236718 0.399517 0.548102 0.655861 0.655861 0.497261 0.497261 0.497261 0.497261 0.497261 0.497261 0.620526 0.620526 0.705007 0.705007 0.705007 0.705007 0.541467 0.407281 0.407281 
0.407281 0.554162 0.66001 0.731713 0.56749 0.56749 0.426567 0.326856 0.25936 0.25936 0.25936 0.423443 0.566578 0.668481 0.737467 0.737467 0.573312 0.573312 0.573312 0.573312 
0.43096 0.572266 0.572266 0.572266 0.572266 0.430169 0.430169 0.329305 0.261027 0.425151 0.567875 0.567875 0.567875 0.567875 0.669364 0.738067 0.738067 0.573924 0.431424 0.330158 
0.261608 0.261608 0.425745 0.568325 0.427195 0.327283 0.259651 0.259651 0.259651 0.259651 0.423741 0.423741 0.566804 0.566804 0.566804 0.566804 0.566804 0.426051 0.426051 0.426051 
0.426051 0.426051 0.568558 0.669829 0.509395 0.509395 0.384187 0.298176 0.298176 0.461532 0.594908 0.594908 0.687699 0.687699 0.687699 0.687699 0.687699 0.525399 0.525399 0.395628 
0.305903 0.305903 0.305903 0.468729 0.355723 0.278946 0.278946 0.278946 0.226419 0.388158 0.539115 0.539115 0.649687 0.724716 0.724716 0.724716 0.724716 0.724716 0.560517 0.560517 
0.560517 0.664351 0.73466 0.73466 0.73466 0.73466 0.73466 0.570461 0.570461 0.570461 0.671124 0.671124 0.739264 0.739264 0.739264 0.739264 0.739264 0.739264 0.575147 0.432352 
0.573314 0.573314 0.573314 0.673063 0.51225 0.51225 0.51225 0.386217 0.299546 0.240671 0.199459 0.169506 0.146961 0.129476 0.129476 0.115569 0.115569 0.104271 0.0949262 0.0949262 
0.205896 0.364534 0.364534 0.519921 0.519921 0.391695 0.391695 0.303246 0.303246 0.243215 0.201274 0.201274 0.170849 0.147988 0.147988 0.147988 0.130283 0.130283 0.130283 0.130283 
0.130283 0.263328 0.427497 0.569652 0.670573 0.670573 0.670573 0.51005 0.51005 0.51005 0.384653 0.384653 0.384653 0.29849 0.29849 0.29849 0.239944 0.19894 0.19894 0.356206 
0.512978 0.631567 0.631567 0.631567 0.631567 0.476861 0.476861 0.361356 0.361356 0.282755 0.229066 0.229066 0.191134 0.191134 0.163311 0.163311 0.163311 0.142204 0.28104 0.28104 
0.28104 0.445135 0.445135 0.582858 0.582858 0.582858 0.438232 0.438232 0.334796 0.334796 0.334796 0.264761 0.264761 0.216509 0.182032 0.182032 0.156478 0.156478 0.136916 0.136916 
0.136916 0.273276 0.273276 0.222468 0.222468 0.186364 0.159739 0.139444 0.139444 0.123537 0.123537 0.123537 0.123537 0.110771 0.100321 0.0916224 0.0916224 0.0916224 0.0842769 0.18696 
0.18696 0.341449 0.341449 0.341449 0.269277 0.219673 0.184336 0.184336 0.184336 0.338143 0.497569 0.620744 0.620744 0.620744 0.620744 0.468035 0.355243 0.278621 0.226193 0.387905 
0.387905 0.538913 0.538913 0.405417 0.31252 0.249575 0.205796 0.174185 0.174185 0.325099 0.325099 0.486119 0.612621 0.461507 0.461507 0.461507 0.350741 0.350741 0.350741 0.350741 
0.350741 0.350741 0.275574 0.275574 0.224071 0.187526 0.16061 0.16061 0.16061 0.16061 0.16061 0.16061 0.16061 0.16061 0.140119 0.140119 0.124072 0.111205 0.100679 0.100679 
0.215789 0.376092 0.29271 0.29271 0.235958 0.235958 0.235958 0.39869 0.547452 0.547452 0.547452 0.655416 0.728597 0.728597 0.56437 0.424225 0.325265 0.258277 0.258277 0.422329 
0.422329 0.56573 0.425245 0.325958 0.258749 0.212281 0.178945 0.178945 0.331268 0.49157 0.49157 0.616497 0.616497 0.616497 0.464611 0.35288 0.277022 0.22508 0.22508 0.22508 
0.386657 0.386657 0.299844 0.240875 0.199606 0.169614 0.169614 0.319085 0.480743 0.608781 0.608781 0.608781 0.697076 0.757006 0.757006 0.757006 0.757006 0.593711 0.593711 0.593711 
0.593711 0.68689 0.68689 0.68689 0.524662 0.395098 0.544623 0.653474 0.727281 0.777921 0.777921 0.777921 0.777921 0.777921 0.777921 0.616725 0.464795 0.464795 0.353006 0.353006 
0.510284 0.510284 0.510284 0.38482 0.298603 0.298603 0.461933 0.5952 0.687897 0.687897 0.687897 0.687897 0.750711 0.750711 0.750711 0.750711 0.587029 0.441437 0.336983 0.336983 
0.336983 0.336983 0.266246 0.217551 0.182791 0.182791 0.336185 0.336185 0.495869 0.495869 0.495869 0.495869 0.495869 0.374632 0.291724 0.291724 0.235277 0.235277 0.235277 0.397947 
0.546868 0.546868 0.41124 0.316461 0.25227 0.207705 0.366672 0.521689 0.521689 0.637636 0.637636 0.637636 0.637636 0.637636 0.637636 0.637636 0.637636 0.637636 0.716565 0.716565 
0.716565 0.716565 0.552535 0.552535 0.552535 0.415417 0.319291 0.480928 0.480928 0.480928 0.608914 0.458554 0.348709 0.348709 0.348709 0.348709 0.274198 0.274198 0.274198 0.438408 
0.577853 0.434408 0.33219 0.33219 0.33219 0.33219 0.33219 0.33219 0.33219 0.33219 0.33219 0.33219 0.26299 0.26299 0.215265 0.181125 0.155793 0.300344 0.300344 0.463564 
0.463564 0.463564 0.463564 0.463564 0.352158 0.352158 0.352158 0.352158 0.352158 0.352158 0.352158 0.352158 0.352158 0.352158 0.276533 0.276533 0.440716 0.579574 0.677313 0.743481 
0.743481 0.743481 0.743481 0.579485 0.435652 0.435652 0.435652 0.435652 0.435652 0.435652 0.333037 0.263566 0.21567 0.181421 0.181421 0.33444 0.494347 0.494347 0.494347 0.618466 
0.618466 0.618466 0.703616 0.540153 0.406321 0.406321 0.406321 0.313132 0.249993 0.249993 0.206093 0.206093 0.174404 0.174404 0.174404 0.325384 0.486373 0.486373 0.612802 0.612802 
0.612802 0.699791 0.699791 0.699791 0.699791 0.536563 0.536563 0.536563 0.536563 0.536563 0.536563 0.536563 0.403705 0.551379 0.551379 0.551379 0.551379 0.658106 0.658106 0.658106 
0.730421 0.730421 0.780115 0.815511 0.815511 0.815511 0.661663 0.502262 0.379137 0.294766 0.237377 0.400234 0.400234 0.400234 0.400234 0.548664 0.656246 0.72916 0.72916 0.72916 
