0.0 0.0 0.122459 0.122459 0.122459 0.122459 0.206312 0.206312 0.263367 0.263367 0.263367 0.278026 0.284589 0.416235 0.526509 0.447375 0.363224 0.363224 0.363224 0.363224 
0.508388 0.612389 0.612389 0.612389 0.612389 0.612389 0.612389 0.682813 0.731311 0.608946 0.471578 0.480336 0.48366 0.484898 0.485355 0.485523 0.367417 0.367455 0.367469 0.522344 
0.638089 0.716868 0.77067 0.77067 0.808673 0.836542 0.857682 0.857682 0.857687 0.857689 0.718805 0.718805 0.554715 0.554715 0.554715 0.554715 0.41703 0.41703 0.41703 0.320384 
0.320384 0.48191 0.609616 0.69764 0.69764 0.757394 0.79916 0.79916 0.79916 0.641502 0.485101 0.367092 0.367092 0.286631 0.286631 0.286631 0.286631 0.286631 0.286631 0.231754 
0.394081 0.54382 0.54382 0.54382 0.54382 0.54382 0.409003 0.409003 0.409003 0.409003 0.409003 0.314947 0.314947 0.314947 0.251234 0.206972 0.206972 0.175051 0.175051 0.15119 
0.132793 0.132793 0.267121 0.431336 0.57255 0.430383 0.329451 0.261127 0.213955 0.213955 0.213955 0.180169 0.180169 0.155071 0.135821 0.120653 0.108426 0.0983811 0.0983811 0.0983811 
0.0983811 0.211864 0.211864 0.211864 0.371547 0.371547 0.28964 0.28964 0.233836 0.194566 0.194566 0.194566 0.350879 0.350879 0.508485 0.508485 0.383542 0.383542 0.383542 0.29774 
0.29774 0.29774 0.29774 0.29774 0.29774 0.29774 0.239427 0.198571 0.198571 0.168847 0.168847 0.318067 0.479827 0.479827 0.608125 0.608125 0.457928 0.348278 0.348278 0.348278 
0.273906 0.438119 0.438119 0.438119 0.334719 0.264709 0.216472 0.182006 0.156458 0.156458 0.301265 0.301265 0.464424 0.464424 0.464424 0.597012 0.449181 0.342277 0.342277 0.342277 
0.269839 0.434067 0.574603 0.574603 0.431938 0.330508 0.261846 0.214461 0.214461 0.37456 0.37456 0.37456 0.37456 0.37456 0.37456 0.528155 0.397614 0.397614 0.307245 0.24596 
0.24596 0.409451 0.409451 0.555844 0.555844 0.417868 0.320952 0.320952 0.320952 0.320952 0.320952 0.320952 0.482419 0.482419 0.60998 0.697886 0.534785 0.534785 0.402413 0.402413 
0.402413 0.55037 0.55037 0.55037 0.413818 0.413818 0.318207 0.318207 0.318207 0.318207 0.479953 0.479953 0.608215 0.608215 0.696693 0.696693 0.696693 0.533676 0.533676 0.401608 
0.309945 0.309945 0.309945 0.247811 0.204544 0.173263 0.173263 0.173263 0.173263 0.173263 0.323893 0.485046 0.611856 0.699152 0.758434 0.799901 0.642396 0.642396 0.642396 0.485849 
0.485849 0.485849 0.612429 0.461353 0.461353 0.461353 0.350635 0.275502 0.224021 0.385467 0.536964 0.648206 0.723713 0.775432 0.812115 0.657393 0.657393 0.498576 0.376537 0.29301 
0.29301 0.456654 0.591344 0.591344 0.444772 0.339261 0.267793 0.218634 0.218634 0.218634 0.218634 0.379357 0.532047 0.532047 0.532047 0.532047 0.400428 0.309147 0.309147 0.247264 
0.247264 0.247264 0.247264 0.204156 0.204156 0.204156 0.204156 0.172977 0.323517 0.323517 0.484712 0.484712 0.484712 0.484712 0.611618 0.611618 0.460706 0.460706 0.460706 0.460706 
0.460706 0.460706 0.460706 0.350189 0.2752 0.223811 0.223811 0.187337 0.341921 0.500834 0.500834 0.623047 0.706709 0.763641 0.763641 0.763641 0.600873 0.600873 0.600873 0.600873 
0.600873 0.600873 0.600873 0.600873 0.600873 0.600873 0.600873 0.452204 0.452204 0.588078 0.588078 0.588078 0.683077 0.683077 0.747415 0.747415 0.747415 0.583573 0.43878 0.33517 
0.33517 0.33517 0.33517 0.33517 0.33517 0.33517 0.265015 0.265015 0.429209 0.429209 0.570946 0.570946 0.671453 0.739489 0.575377 0.575377 0.575377 0.575377 0.432526 0.330908 
0.330908 0.491254 0.616273 0.464432 0.352756 0.352756 0.276938 0.225021 0.225021 0.386592 0.537864 0.537864 0.648826 0.491265 0.371402 0.371402 0.371402 0.289542 0.233769 0.233769 
0.233769 0.233769 0.396296 0.306355 0.245349 0.202794 0.202794 0.171972 0.148845 0.130956 0.116759 0.105246 0.0957389 0.0957389 0.0877652 0.080988 0.0751611 0.0701005 0.0656664 0.0656664 
0.0656664 0.151754 0.2947 0.2947 0.2947 0.237331 0.197072 0.167734 0.145604 0.128408 0.128408 0.128408 0.114709 0.114709 0.114709 0.103565 0.103565 0.103565 0.103565 0.103565 
0.103565 0.220666 0.220666 0.220666 0.220666 0.185057 0.185057 0.158756 0.138683 0.122932 0.11028 0.0999154 0.0912821 0.0912821 0.0912821 0.0912821 0.0912821 0.0839875 0.0839875 0.0839875 
0.0839875 0.0839875 0.0839875 0.0839875 0.0777476 0.0723528 0.0676444 0.0676444 0.0676444 0.0635009 0.0635009 0.0598276 0.0598276 0.0565497 0.0565497 0.0536073 0.0509518 0.0509518 0.0485436 0.116698 
0.116698 0.242178 0.405415 0.405415 0.552712 0.552712 0.415547 0.415547 0.415547 0.319379 0.319379 0.254263 0.254263 0.209115 0.176625 0.152386 0.133728 0.11898 0.107063 0.107063 
0.107063 0.107063 0.107063 0.226503 0.226503 0.388252 0.30092 0.30092 0.30092 0.241616 0.200134 0.200134 0.170005 0.170005 0.170005 0.147343 0.147343 0.147343 0.129776 0.262558 
0.262558 0.426714 0.569059 0.569059 0.569059 0.67017 0.738615 0.785863 0.785863 0.785863 0.785863 0.819698 0.819698 0.819698 0.819698 0.819698 0.666991 0.666991 0.666991 0.666991 
0.666991 0.736454 0.572281 0.43018 0.329312 0.329312 0.329312 0.329312 0.489849 0.489849 0.615275 0.701461 0.760023 0.596952 0.449134 0.342245 0.269817 0.220051 0.220051 0.220051 
0.380973 0.296006 0.238232 0.197716 0.168213 0.168213 0.317224 0.317224 0.479067 0.60758 0.60758 0.60758 0.60758 0.60758 0.60758 0.60758 0.457496 0.347981 0.347981 0.347981 
0.347981 0.273705 0.273705 0.222768 0.222768 0.186581 0.186581 0.186581 0.186581 0.186581 0.186581 0.340973 0.500017 0.377552 0.377552 0.377552 0.293696 0.293696 0.293696 0.457305 
0.591821 0.445141 0.339513 0.339513 0.267964 0.267964 0.267964 0.432185 0.432185 0.432185 0.432185 0.573189 0.430867 0.430867 0.430867 0.32978 0.32978 0.26135 0.26135 0.425481 
0.425481 0.326119 0.258858 0.212358 0.212358 0.179001 0.154187 0.298109 0.46147 0.594863 0.594863 0.594863 0.447504 0.447504 0.447504 0.34113 0.34113 0.269061 0.433287 0.574017 
0.574017 0.431494 0.431494 0.330206 0.261641 0.261641 0.214317 0.180433 0.15527 0.15527 0.135976 0.120777 0.120777 0.108527 0.0984648 0.0984648 0.0984648 0.0984648 0.212008 0.371714 
0.525831 0.525831 0.525831 0.395939 0.306113 0.245183 0.202676 0.202676 0.171885 0.148779 0.148779 0.130904 0.130904 0.116717 0.116717 0.116717 0.116717 0.242208 0.242208 0.242208 
0.242208 0.405447 0.405447 0.405447 0.312541 0.249589 0.249589 0.205806 0.205806 0.174192 0.174192 0.174192 0.174192 0.150537 0.132282 0.117823 0.24397 0.407332 0.407332 0.407332 
0.407332 0.554202 0.554202 0.41665 0.41665 0.41665 0.41665 0.41665 0.320127 0.320127 0.320127 0.254773 0.254773 0.209476 0.209476 0.209476 0.368754 0.523403 0.638827 0.717369 
0.717369 0.77102 0.77102 0.808928 0.653426 0.653426 0.495177 0.374146 0.291395 0.23505 0.23505 0.195437 0.166519 0.314963 0.314963 0.314963 0.477021 0.606112 0.695273 0.695273 
0.695273 0.695273 0.695273 0.755768 0.798001 0.828615 0.828615 0.678575 0.517157 0.517157 0.389717 0.540357 0.540357 0.540357 0.650542 0.725295 0.776535 0.812913 0.812913 0.812913 
