0.0 0.0 0.122459 0.122459 0.122459 0.122459 0.206312 0.206312 0.206312 0.206312 0.206312 0.213174 0.215913 0.213954 0.207478 0.197382 0.184958 0.331918 0.331918 0.331918 
0.437852 0.437852 0.509614 0.509614 0.509614 0.558959 0.594132 0.594132 0.620145 0.608489 0.680948 0.56057 0.434946 0.337286 0.344733 0.272253 0.274251 0.274991 0.275264 0.275264 
0.275264 0.275264 0.439462 0.439462 0.578599 0.578599 0.578599 0.676601 0.515494 0.515545 0.515564 0.388583 0.301146 0.301148 0.301149 0.241774 0.200247 0.200247 0.200247 0.200247 
0.357783 0.357783 0.357783 0.357783 0.514301 0.632491 0.632491 0.632491 0.477622 0.361884 0.361884 0.361884 0.361884 0.361884 0.283112 0.283112 0.283112 0.229314 0.191313 0.163445 
0.310826 0.473254 0.603402 0.693441 0.754511 0.754511 0.754511 0.591049 0.444543 0.444543 0.444543 0.444543 0.444543 0.339105 0.339105 0.339105 0.339105 0.267687 0.21856 0.21856 
0.183526 0.183526 0.337118 0.337118 0.496679 0.496679 0.375202 0.292109 0.235543 0.235543 0.19579 0.166782 0.144873 0.144873 0.127832 0.114245 0.103184 0.0940189 0.0863103 0.0797424 
0.0797424 0.178639 0.330874 0.330874 0.491224 0.491224 0.371373 0.371373 0.371373 0.371373 0.371373 0.371373 0.525551 0.525551 0.640318 0.640318 0.640318 0.484112 0.484112 0.366401 
0.366401 0.366401 0.366401 0.521465 0.521465 0.521465 0.392801 0.303993 0.303993 0.303993 0.466961 0.466961 0.466961 0.598854 0.598854 0.690367 0.690367 0.690367 0.690367 0.527839 
0.527839 0.641903 0.641903 0.719449 0.555342 0.555342 0.555342 0.417496 0.417496 0.3207 0.482193 0.609818 0.609818 0.697776 0.757488 0.757488 0.757488 0.594227 0.44701 0.340791 
0.340791 0.49986 0.62236 0.706246 0.706246 0.542639 0.408138 0.408138 0.314362 0.314362 0.314362 0.476476 0.60572 0.695008 0.695008 0.695008 0.695008 0.532113 0.400476 0.309179 
0.247286 0.410857 0.556932 0.661903 0.502471 0.502471 0.379284 0.379284 0.379284 0.531988 0.531988 0.644773 0.644773 0.72139 0.773815 0.773815 0.773815 0.612103 0.612103 0.461094 
0.461094 0.594588 0.594588 0.594588 0.687483 0.687483 0.750428 0.794206 0.794206 0.825816 0.825816 0.825816 0.849469 0.867723 0.867723 0.867723 0.867723 0.733656 0.733656 0.733656 
0.733656 0.733656 0.733656 0.782381 0.782381 0.782381 0.782381 0.782381 0.782381 0.782381 0.817159 0.842912 0.842912 0.862611 0.862611 0.878097 0.878097 0.878097 0.749592 0.749592 
0.749592 0.749592 0.749592 0.749592 0.749592 0.749592 0.793613 0.793613 0.82538 0.849137 0.849137 0.867463 0.881973 0.881973 0.893716 0.77479 0.77479 0.613197 0.461967 0.351058 
0.351058 0.351058 0.508636 0.508636 0.508636 0.628529 0.710411 0.766199 0.80546 0.834148 0.834148 0.855841 0.855841 0.872731 0.741273 0.577208 0.433917 0.331856 0.262763 0.262763 
0.426922 0.569217 0.569217 0.569217 0.670277 0.738688 0.785915 0.819736 0.844857 0.70056 0.537282 0.404229 0.404229 0.311717 0.249025 0.205405 0.173898 0.173898 0.150313 0.292668 
0.456329 0.456329 0.591106 0.685127 0.748816 0.793064 0.793064 0.793064 0.634235 0.634235 0.634235 0.634235 0.634235 0.634235 0.634235 0.634235 0.634235 0.479061 0.479061 0.479061 
0.607576 0.607576 0.696261 0.696261 0.696261 0.756447 0.798485 0.828973 0.828973 0.828973 0.679046 0.679046 0.517579 0.390019 0.302114 0.302114 0.302114 0.242437 0.405692 0.405692 
0.405692 0.552927 0.659166 0.73114 0.780618 0.780618 0.780618 0.780618 0.619789 0.467263 0.467263 0.467263 0.35471 0.27826 0.225942 0.188879 0.161625 0.161625 0.308356 0.308356 
0.47099 0.601768 0.692338 0.753754 0.753754 0.753754 0.753754 0.753754 0.590245 0.590245 0.590245 0.44392 0.338679 0.267398 0.218358 0.183379 0.157493 0.302696 0.465757 0.465757 
0.465757 0.59798 0.59798 0.689777 0.689777 0.689777 0.751998 0.795321 0.63691 0.63691 0.63691 0.481276 0.364426 0.284829 0.284829 0.230505 0.192171 0.164086 0.311692 0.474045 
0.603971 0.693826 0.693826 0.693826 0.693826 0.754775 0.754775 0.797294 0.639265 0.483234 0.365789 0.365789 0.365789 0.365789 0.365789 0.365789 0.28575 0.28575 0.449705 0.449705 
0.449705 0.586237 0.68183 0.746563 0.746563 0.791469 0.791469 0.791469 0.632355 0.47751 0.47751 0.361807 0.283059 0.229277 0.229277 0.191286 0.163425 0.142292 0.142292 0.281168 
0.445259 0.58295 0.58295 0.679603 0.679603 0.679603 0.745042 0.745042 0.790394 0.790394 0.790394 0.823015 0.84734 0.84734 0.704028 0.704028 0.540542 0.406605 0.313324 0.475533 
0.475533 0.605042 0.69455 0.755271 0.755271 0.755271 0.755271 0.797648 0.797648 0.797648 0.828354 0.851404 0.869239 0.883398 0.757976 0.59475 0.59475 0.59475 0.59475 0.687592 
0.687592 0.687592 0.687592 0.687592 0.750503 0.750503 0.794259 0.794259 0.794259 0.825855 0.825855 0.825855 0.849499 0.867746 0.733691 0.733691 0.733691 0.733691 0.733691 0.733691 
0.782406 0.817177 0.842926 0.842926 0.842926 0.862621 0.878106 0.890563 0.900782 0.909304 0.909304 0.909304 0.916511 0.922681 0.825874 0.825874 0.825874 0.674979 0.674979 0.674979 
0.741889 0.741889 0.741889 0.741889 0.788169 0.821384 0.821384 0.821384 0.821384 0.846105 0.846105 0.865095 0.880078 0.880078 0.880078 0.880078 0.880078 0.880078 0.752705 0.752705 
0.795823 0.795823 0.637508 0.637508 0.481772 0.364771 0.520117 0.520117 0.636544 0.636544 0.636544 0.715826 0.769949 0.808157 0.808157 0.808157 0.652471 0.494362 0.494362 0.494362 
0.494362 0.373574 0.373574 0.373574 0.373574 0.291009 0.45475 0.45475 0.589949 0.589949 0.684343 0.74828 0.74828 0.74828 0.74828 0.584477 0.439474 0.439474 0.439474 0.578649 
0.676685 0.676685 0.676685 0.515469 0.515469 0.388511 0.388511 0.539397 0.649881 0.724848 0.776223 0.776223 0.812687 0.658109 0.499192 0.499192 0.499192 0.499192 0.499192 0.499192 
0.62189 0.468962 0.468962 0.468962 0.355884 0.355884 0.355884 0.355884 0.355884 0.512708 0.512708 0.631378 0.631378 0.476706 0.476706 0.476706 0.361248 0.361248 0.361248 0.361248 
0.361248 0.361248 0.282682 0.282682 0.229015 0.191097 0.191097 0.191097 0.191097 0.191097 0.191097 0.163284 0.142183 0.125707 0.125707 0.125707 0.112529 0.112529 0.112529 0.235467 
0.235467 0.195736 0.195736 0.166742 0.144842 0.127808 0.127808 0.114225 0.103167 0.0940053 0.0862988 0.0797325 0.0797325 0.0797325 0.0740747 0.0740747 0.0740747 0.0740747 0.0740747 0.16801 
0.316954 0.316954 0.316954 0.252607 0.207944 0.175765 0.151733 0.151733 0.151733 0.133217 0.118572 0.118572 0.106729 0.0969726 0.0969726 0.0888063 0.0888063 0.195116 0.351553 0.509056 
0.628823 0.628823 0.628823 0.474609 0.359793 0.359793 0.359793 0.359793 0.281698 0.228332 0.190605 0.190605 0.190605 0.162916 0.162916 0.31011 0.472599 0.472599 0.602929 0.602929 
0.602929 0.602929 0.602929 0.602929 0.602929 0.602929 0.602929 0.453821 0.453821 0.453821 0.453821 0.453821 0.453821 0.453821 0.589267 0.683882 0.747965 0.747965 0.792461 0.792461 
0.824532 0.824532 0.824532 0.848493 0.848493 0.848493 0.848493 0.848493 0.848493 0.705647 0.705647 0.542073 0.407724 0.407724 0.554506 0.554506 0.660245 0.660245 0.660245 0.660245 
