0.0 0.0 0.122459 0.122459 0.122459 0.122459 0.206312 0.206312 0.263367 0.263367 0.263367 0.278026 0.284589 0.416235 0.526509 0.447375 0.562062 0.562062 0.562062 0.562062 
0.640064 0.69337 0.69337 0.69337 0.69337 0.69337 0.69337 0.731059 0.632292 0.499523 0.384399 0.392538 0.39562 0.396767 0.39719 0.397347 0.307084 0.307123 0.307123 0.469853 
0.600941 0.691771 0.753358 0.753358 0.79628 0.827339 0.850624 0.850638 0.850643 0.850645 0.70869 0.708691 0.544964 0.544964 0.544964 0.544964 0.409841 0.409841 0.409841 0.556147 
0.556147 0.661367 0.732633 0.781664 0.781664 0.816637 0.663089 0.663089 0.663089 0.5035 0.380011 0.295356 0.295356 0.237784 0.237784 0.237784 0.237784 0.237784 0.237784 0.197396 
0.354333 0.511403 0.511403 0.511403 0.511403 0.511403 0.385615 0.385615 0.385615 0.385615 0.385615 0.29914 0.29914 0.29914 0.240391 0.19926 0.19926 0.169357 0.169357 0.146847 
0.287739 0.287739 0.451619 0.587648 0.682785 0.520942 0.392426 0.30374 0.243554 0.243554 0.243554 0.201516 0.201516 0.171028 0.148124 0.13039 0.116304 0.104874 0.104874 0.104874 
0.104874 0.222859 0.222859 0.222859 0.186648 0.186648 0.159952 0.159952 0.139609 0.123667 0.123667 0.123667 0.253162 0.253162 0.41703 0.41703 0.320384 0.320384 0.320384 0.254948 
0.254948 0.254948 0.254948 0.254948 0.254948 0.254948 0.2096 0.17698 0.17698 0.152656 0.152656 0.295967 0.459453 0.459453 0.593391 0.593391 0.44636 0.340347 0.340347 0.340347 
0.26853 0.432754 0.432754 0.432754 0.331064 0.262224 0.214727 0.180732 0.155497 0.155497 0.299932 0.299932 0.463178 0.463178 0.463178 0.351892 0.276353 0.224614 0.224614 0.224614 
0.187919 0.342649 0.50146 0.50146 0.378571 0.294383 0.237113 0.196915 0.196915 0.353749 0.353749 0.353749 0.353749 0.353749 0.353749 0.510911 0.385265 0.385265 0.298903 0.240228 
0.240228 0.403318 0.403318 0.311101 0.311101 0.248603 0.205106 0.205106 0.205106 0.205106 0.205106 0.205106 0.363597 0.363597 0.519145 0.635867 0.480411 0.480411 0.363824 0.363824 
0.363824 0.519333 0.519333 0.519333 0.391273 0.391273 0.302961 0.302961 0.302961 0.302961 0.466003 0.466003 0.35384 0.35384 0.510988 0.510988 0.510988 0.630176 0.630176 0.711524 
0.766968 0.766968 0.766968 0.604512 0.455069 0.346315 0.346315 0.346315 0.346315 0.346315 0.272576 0.221979 0.18601 0.159473 0.139238 0.276704 0.440884 0.440884 0.440884 0.5797 
0.5797 0.5797 0.677399 0.516105 0.516105 0.516105 0.388966 0.301403 0.241948 0.200371 0.17018 0.147477 0.129882 0.115895 0.104539 0.0951493 0.0951493 0.206284 0.364994 0.520302 
0.520302 0.636672 0.715913 0.715913 0.551903 0.41495 0.318974 0.253986 0.253986 0.253986 0.253986 0.20892 0.176482 0.176482 0.176482 0.176482 0.152277 0.295436 0.295436 0.458952 
0.458952 0.458952 0.458952 0.348982 0.348982 0.348982 0.348982 0.274383 0.223241 0.223241 0.186924 0.186924 0.186924 0.186924 0.160159 0.160159 0.13977 0.13977 0.13977 0.13977 
0.13977 0.13977 0.13977 0.123795 0.11098 0.100494 0.100494 0.0917674 0.0844001 0.0781026 0.0781026 0.072661 0.0679145 0.0637395 0.0637395 0.0637395 0.0600399 0.0600399 0.0600399 0.0600399 
0.0600399 0.0600399 0.0600399 0.0600399 0.0600399 0.0600399 0.0600399 0.0567397 0.0567397 0.0537782 0.0537782 0.0537782 0.0511065 0.0511065 0.0486842 0.0486842 0.0486842 0.0464783 0.0444613 0.107925 
0.107925 0.107925 0.107925 0.107925 0.107925 0.107925 0.0979652 0.0979652 0.21115 0.21115 0.370714 0.370714 0.525012 0.395349 0.305715 0.305715 0.305715 0.305715 0.24491 0.408334 
0.408334 0.554979 0.417227 0.320517 0.255039 0.255039 0.209664 0.177028 0.177028 0.328794 0.489392 0.489392 0.61495 0.701242 0.537921 0.537921 0.537921 0.404694 0.312032 0.312032 
0.312032 0.312032 0.24924 0.205558 0.17401 0.150399 0.150399 0.292789 0.456444 0.591191 0.685184 0.748855 0.793091 0.793091 0.634268 0.479088 0.362903 0.2838 0.229791 0.229791 
0.229791 0.391912 0.303393 0.303393 0.303393 0.243316 0.201346 0.359106 0.515407 0.633263 0.633263 0.633263 0.713609 0.713609 0.713609 0.549678 0.549678 0.549678 0.549678 0.549678 
0.549678 0.656941 0.656941 0.656941 0.656941 0.498187 0.498187 0.621181 0.705449 0.762771 0.803002 0.83232 0.854438 0.854438 0.854438 0.854438 0.854438 0.714104 0.714104 0.714104 
0.714104 0.714104 0.714104 0.714104 0.550155 0.41366 0.559093 0.559093 0.559093 0.663379 0.663379 0.734 0.734 0.569794 0.569794 0.428302 0.328035 0.328035 0.260163 0.424266 
0.424266 0.325294 0.258296 0.258296 0.211962 0.211962 0.37166 0.37166 0.37166 0.525787 0.525787 0.640481 0.640481 0.484248 0.366496 0.286228 0.231475 0.192869 0.164607 0.164607 
0.164607 0.164607 0.164607 0.143201 0.143201 0.126512 0.257565 0.257565 0.257565 0.421595 0.565171 0.565171 0.667523 0.667523 0.667523 0.50737 0.50737 0.50737 0.627641 0.709812 
0.709812 0.546034 0.410627 0.410627 0.410627 0.316046 0.478002 0.606816 0.606816 0.606816 0.606816 0.695748 0.695748 0.695748 0.695748 0.695748 0.532799 0.532799 0.532799 0.532799 
0.532799 0.400973 0.309515 0.247516 0.204335 0.204335 0.204335 0.204335 0.362679 0.362679 0.518384 0.635337 0.715011 0.551031 0.414305 0.318538 0.253688 0.208709 0.208709 0.208709 
0.367854 0.287145 0.23211 0.193326 0.164947 0.164947 0.312853 0.312853 0.475103 0.604733 0.604733 0.604733 0.604733 0.604733 0.604733 0.604733 0.455244 0.346434 0.346434 0.346434 
0.346434 0.272657 0.272657 0.222036 0.222036 0.186051 0.186051 0.186051 0.186051 0.186051 0.186051 0.340307 0.268502 0.219131 0.219131 0.219131 0.183941 0.183941 0.183941 0.337644 
0.497137 0.375524 0.292326 0.292326 0.235693 0.235693 0.235693 0.398401 0.398401 0.398401 0.398401 0.547225 0.411502 0.411502 0.411502 0.316639 0.316639 0.252391 0.252391 0.416225 
0.416225 0.319838 0.254576 0.209336 0.209336 0.176787 0.152509 0.295762 0.459259 0.59325 0.59325 0.59325 0.44625 0.44625 0.44625 0.340272 0.340272 0.499411 0.622044 0.706032 
0.706032 0.542437 0.542437 0.40799 0.314262 0.314262 0.250766 0.20664 0.174807 0.174807 0.151004 0.132648 0.132648 0.118116 0.106356 0.106356 0.106356 0.106356 0.22533 0.386939 
0.538141 0.538141 0.538141 0.404854 0.31214 0.249314 0.205611 0.205611 0.174049 0.150428 0.150428 0.132197 0.132197 0.117754 0.117754 0.117754 0.117754 0.243861 0.243861 0.243861 
0.243861 0.407216 0.407216 0.407216 0.313738 0.250407 0.250407 0.206386 0.206386 0.17462 0.17462 0.17462 0.17462 0.150862 0.132536 0.266735 0.430947 0.572257 0.572257 0.572257 
0.572257 0.672345 0.672345 0.511614 0.511614 0.511614 0.511614 0.511614 0.385765 0.385765 0.385765 0.299241 0.299241 0.240461 0.240461 0.240461 0.403569 0.551273 0.658033 0.730372 
0.730372 0.780081 0.780081 0.619177 0.466769 0.466769 0.354369 0.278029 0.225781 0.188763 0.188763 0.161538 0.140835 0.279045 0.279045 0.279045 0.443184 0.581411 0.678559 0.678559 
0.678559 0.678559 0.678559 0.74433 0.789891 0.630503 0.630503 0.475987 0.360749 0.360749 0.282344 0.446405 0.446405 0.446405 0.583799 0.680178 0.745435 0.790671 0.790671 0.790671 
