0.0 0.0 0.122459 0.122459 0.122459 0.206312 0.328772 0.460757 0.432373 0.520517 0.56818 0.589275 0.449484 0.344535 0.347553 0.348676 0.274287 0.223225 0.18694 0.160187 
0.139801 0.139801 0.139801 0.139801 0.277623 0.277749 0.277795 0.225621 0.225634 0.225639 0.18866 0.161461 0.140776 0.124593 0.111627 0.101028 0.0922152 0.0922158 0.0847811 0.0847813 
0.0784302 0.176201 0.176201 0.176201 0.176201 0.152065 0.152065 0.152065 0.133476 0.118779 0.106899 0.0971133 0.088925 0.081979 0.0760171 0.0760171 0.0760171 0.0708469 0.0663226 0.062332 
0.0587867 0.0587867 0.137995 0.274873 0.439077 0.335372 0.265152 0.265152 0.265152 0.216783 0.216783 0.216783 0.182233 0.182233 0.182233 0.182233 0.182233 0.156629 0.156629 0.156629 
0.156629 0.301502 0.301502 0.464645 0.597172 0.449306 0.449306 0.449306 0.449306 0.342363 0.342363 0.269897 0.220107 0.220107 0.184651 0.158451 0.158451 0.158451 0.138447 0.122744 
0.122744 0.122744 0.251723 0.251723 0.415527 0.415527 0.319365 0.319365 0.319365 0.254253 0.418165 0.562552 0.562552 0.665738 0.735602 0.735602 0.783746 0.783746 0.783746 0.783746 
0.818153 0.843662 0.863193 0.863193 0.863193 0.726885 0.562667 0.562667 0.42295 0.42295 0.566203 0.566203 0.668226 0.668226 0.737293 0.784934 0.81902 0.844316 0.863702 0.863702 
0.863702 0.878967 0.878967 0.878967 0.878967 0.878967 0.750956 0.587287 0.441635 0.441635 0.441635 0.441635 0.580259 0.580259 0.677778 0.677778 0.743797 0.743797 0.789515 0.789515 
0.82237 0.846852 0.865677 0.880544 0.880544 0.75344 0.75344 0.75344 0.75344 0.75344 0.75344 0.796345 0.796345 0.827393 0.827393 0.827393 0.827393 0.85067 0.868664 0.868664 
0.868664 0.882936 0.894504 0.904053 0.792332 0.792332 0.633371 0.478348 0.362389 0.362389 0.362389 0.518142 0.635169 0.714897 0.769305 0.769305 0.807693 0.807693 0.807693 0.807693 
0.835812 0.857121 0.857121 0.857121 0.857121 0.717979 0.717979 0.55391 0.416434 0.561225 0.664834 0.664834 0.664834 0.664834 0.734988 0.783315 0.783315 0.817839 0.843425 0.863009 
0.878415 0.878415 0.890814 0.90099 0.787058 0.6272 0.473282 0.473282 0.473282 0.473282 0.603422 0.603422 0.693455 0.693455 0.693455 0.693455 0.693455 0.75452 0.75452 0.75452 
0.75452 0.75452 0.797113 0.827959 0.677711 0.677711 0.516385 0.389165 0.389165 0.301537 0.24204 0.24204 0.200437 0.200437 0.200437 0.200437 0.200437 0.358012 0.358012 0.514492 
0.632625 0.632625 0.632625 0.477732 0.361961 0.283163 0.283163 0.283163 0.22935 0.191338 0.163464 0.163464 0.142322 0.125817 0.125817 0.125817 0.125817 0.125817 0.256493 0.256493 
0.256493 0.420488 0.564327 0.564327 0.564327 0.564327 0.564327 0.424193 0.424193 0.424193 0.325243 0.325243 0.258262 0.258262 0.258262 0.258262 0.258262 0.258262 0.422313 0.565718 
0.667896 0.667896 0.667896 0.507697 0.382983 0.382983 0.382983 0.297362 0.239167 0.198385 0.168709 0.146351 0.128996 0.115183 0.115183 0.103954 0.103954 0.0946618 0.0868546 0.0868546 
0.191621 0.347253 0.347253 0.273212 0.273212 0.222423 0.222423 0.186332 0.186332 0.159714 0.139426 0.139426 0.123522 0.110758 0.110758 0.110758 0.100311 0.100311 0.100311 0.100311 
0.100311 0.215162 0.37537 0.292222 0.235621 0.235621 0.235621 0.195846 0.195846 0.195846 0.166824 0.166824 0.166824 0.144905 0.144905 0.144905 0.127858 0.114265 0.114265 0.1032 
0.220053 0.380975 0.380975 0.380975 0.380975 0.296007 0.296007 0.238233 0.238233 0.401162 0.549391 0.549391 0.656745 0.656745 0.498019 0.498019 0.498019 0.376145 0.292745 0.292745 
0.292745 0.456403 0.456403 0.34723 0.34723 0.34723 0.273196 0.273196 0.222412 0.222412 0.222412 0.383652 0.383652 0.297814 0.239478 0.239478 0.198608 0.198608 0.168874 0.168874 
0.168874 0.318103 0.318103 0.253392 0.253392 0.208499 0.176173 0.152043 0.152043 0.295106 0.295106 0.295106 0.295106 0.45864 0.348768 0.274238 0.274238 0.274238 0.223139 0.186851 
0.186851 0.341312 0.341312 0.341312 0.269184 0.219608 0.184288 0.184288 0.184288 0.338083 0.497517 0.620708 0.620708 0.620708 0.620708 0.468005 0.355223 0.278607 0.226183 0.189053 
0.189053 0.344066 0.344066 0.502677 0.624345 0.707585 0.764246 0.804058 0.804058 0.833105 0.833105 0.85504 0.8721 0.8857 0.8857 0.8857 0.761669 0.761669 0.761669 0.761669 
0.761669 0.761669 0.802213 0.802213 0.831734 0.853989 0.871271 0.871271 0.871271 0.871271 0.871271 0.871271 0.871271 0.871271 0.739038 0.739038 0.574916 0.432176 0.33067 0.33067 
0.491045 0.616124 0.702035 0.702035 0.760418 0.760418 0.760418 0.801318 0.831071 0.831071 0.831071 0.853481 0.870871 0.870871 0.738428 0.574292 0.431703 0.330348 0.330348 0.490761 
0.490761 0.615923 0.701899 0.760324 0.801251 0.831021 0.853443 0.853443 0.870841 0.884686 0.884686 0.895939 0.895939 0.895939 0.778501 0.617382 0.465323 0.353371 0.353371 0.353371 
0.510592 0.510592 0.629899 0.711336 0.766839 0.805919 0.805919 0.83449 0.856104 0.872939 0.872939 0.872939 0.886377 0.897328 0.897328 0.897328 0.897328 0.780837 0.780837 0.780837 
0.780837 0.816036 0.816036 0.816036 0.662327 0.502838 0.624458 0.707662 0.764299 0.804096 0.804096 0.804096 0.804096 0.804096 0.804096 0.647484 0.49013 0.49013 0.370607 0.370607 
0.524924 0.524924 0.524924 0.395286 0.305672 0.305672 0.468516 0.59998 0.691129 0.691129 0.691129 0.691129 0.752925 0.752925 0.752925 0.752925 0.589367 0.443241 0.338215 0.338215 
0.338215 0.338215 0.267083 0.218137 0.183218 0.183218 0.336727 0.336727 0.49634 0.49634 0.49634 0.49634 0.49634 0.374964 0.291948 0.291948 0.235432 0.235432 0.235432 0.398116 
0.547001 0.547001 0.411337 0.316527 0.252315 0.207737 0.36671 0.52172 0.52172 0.637658 0.637658 0.637658 0.637658 0.637658 0.637658 0.637658 0.637658 0.637658 0.716579 0.716579 
0.716579 0.716579 0.552549 0.552549 0.552549 0.415428 0.319298 0.480935 0.480935 0.480935 0.608918 0.697168 0.534117 0.534117 0.534117 0.534117 0.401928 0.401928 0.401928 0.549991 
0.657156 0.498372 0.376394 0.376394 0.376394 0.376394 0.376394 0.376394 0.376394 0.376394 0.376394 0.376394 0.292913 0.292913 0.236098 0.196189 0.167078 0.31571 0.31571 0.477698 
0.477698 0.477698 0.477698 0.477698 0.361938 0.361938 0.361938 0.361938 0.361938 0.361938 0.361938 0.361938 0.361938 0.361938 0.283148 0.283148 0.229339 0.39141 0.541703 0.651468 
0.651468 0.651468 0.651468 0.493508 0.372974 0.372974 0.372974 0.372974 0.372974 0.372974 0.290604 0.234503 0.195045 0.166227 0.166227 0.144448 0.28429 0.28429 0.28429 0.448293 
0.448293 0.448293 0.585195 0.440026 0.33602 0.33602 0.33602 0.265592 0.217092 0.217092 0.182457 0.182457 0.156799 0.156799 0.156799 0.301736 0.464863 0.464863 0.597331 0.597331 
0.597331 0.689338 0.689338 0.689338 0.689338 0.526896 0.526896 0.526896 0.526896 0.526896 0.526896 0.526896 0.396706 0.306632 0.306632 0.306632 0.306632 0.469402 0.469402 0.469402 
0.600621 0.600621 0.691562 0.753222 0.753222 0.753222 0.589681 0.443484 0.338381 0.267196 0.218216 0.183276 0.183276 0.183276 0.183276 0.3368 0.496404 0.61992 0.61992 0.61992 
